1936 1
1937 0
1938 1
1939 0
1940 0
1941 1
1942 0
1943 0
1944 0
1945 1
1946 0
1947 1
1948 0
1949 2
1950 2
1951 43
1952 79
1953 37
1954 73
1955 84
1956 168
1957 194
1958 277
1959 378
1960 376
1961 598
1962 656
1963 645
1964 762
1965 822
1966 1021
1967 1206
1968 1480
1969 1884
1970 1894
1971 2233
1972 2509
1973 3191
1974 3356
1975 3473
1976 3562
1977 3733
1978 4129
1979 4324
1980 4890
1981 5390
1982 5571
1983 7266
1984 8997
1985 11142
1986 23227
1987 24398
1988 25827
1989 26728
1990 32433
1991 34690
1992 37861
1993 38582
1994 38220
1995 45287
1996 49283
1997 54118
1998 53788
1999 55693
2000 59069
2001 59642
2002 64116
2003 57039
2004 64120
2005 100961
2006 123822
2007 118228
2008 130571
2009 172075
2010 141468
2011 133335
2012 125644
2013 93875
2014 21657
2015 0
2016 0
2017 0
2018 0
2019 0
2020 0
2021 0
2022 0
2023 0
2024 0
2025 0
2026 0
2027 0
2028 0
2029 0
2030 0
2031 0
2032 0
2033 0
2034 0
2035 0
